   392.830000     9.000000
   395.120000    20.000000
   397.400000    46.000000
   399.690000    79.000000
   401.960000   101.000000
   404.240000   124.000000
   406.520000   156.000000
   408.790000   174.000000
   411.060000   186.000000
   413.330000   213.000000
   415.590000   233.000000
   417.860000   251.000000
   420.120000   275.000000
   422.380000   278.000000
   424.640000   306.000000
   426.890000   294.000000
   429.150000   350.000000
   431.400000   406.000000
   433.650000   474.000000
   435.890000   490.000000
   438.140000   579.000000
   440.380000   660.000000
   442.630000   755.000000
   444.870000   878.000000
   447.110000  1023.000000
   449.340000  1071.000000
   451.580000  1172.000000
   453.810000  1304.000000
   456.040000  1389.000000
   458.270000  1491.000000
   460.500000  1580.000000
   462.720000  1594.000000
   464.950000  1661.000000
   467.170000  1726.000000
   469.390000  1861.000000
   471.610000  1948.000000
   473.830000  2008.000000
   476.050000  2130.000000
   478.260000  2198.000000
   480.470000  2167.000000
   482.690000  2054.000000
   484.900000  2091.000000
   487.100000  2265.000000
   489.310000  2309.000000
   491.520000  2420.000000
   493.720000  2421.000000
   495.920000  2366.000000
   498.120000  2325.000000
   500.320000  2364.000000
   502.520000  2397.000000
   504.720000  2467.000000
   506.910000  2442.000000
   509.110000  2393.000000
   511.300000  2323.000000
   513.490000  2133.000000
   515.680000  2039.000000
   517.870000  2086.000000
   520.060000  2077.000000
   522.240000  1979.000000
   524.430000  1839.000000
   526.610000  1814.000000
   528.800000  1664.000000
   530.980000  1607.000000
   533.160000  1581.000000
   535.340000  1458.000000
   537.510000  1422.000000
   539.690000  1403.000000
   541.860000  1454.000000
   544.040000  1462.000000
   546.210000  1501.000000
   548.380000  1513.000000
   550.560000  1578.000000
   552.730000  1618.000000
   554.890000  1665.000000
   557.060000  1644.000000
   559.230000  1641.000000
   561.390000  1637.000000
   563.560000  1604.000000
   565.720000  1521.000000
   567.880000  1446.000000
   570.050000  1410.000000
   572.210000  1374.000000
   574.370000  1374.000000
   576.530000  1364.000000
   578.680000  1457.000000
   580.840000  1626.000000
   583.000000  1761.000000
   585.150000  1897.000000
   587.310000  2099.000000
   589.460000  2380.000000
   591.610000  2697.000000
   593.760000  2919.000000
   595.910000  3188.000000
   598.060000  3417.000000
   600.210000  3659.000000
   602.360000  3837.000000
   604.510000  3901.000000
   606.660000  3968.000000
   608.800000  4003.000000
   610.950000  4094.000000
   613.090000  4056.000000
   615.240000  4070.000000
   617.380000  4095.000000
   619.520000  4095.000000
   621.660000  4077.000000
   623.800000  4010.000000
   625.940000  3989.000000
   628.080000  3937.000000
   630.220000  3943.000000
   632.360000  3928.000000
   634.500000  3915.000000
   636.630000  3850.000000
   638.770000  3799.000000
   640.900000  3784.000000
   643.040000  3697.000000
   645.170000  3616.000000
   647.300000  3572.000000
   649.440000  3536.000000
   651.570000  3482.000000
   653.700000  3292.000000
   655.830000  3295.000000
   657.960000  3444.000000
   660.090000  3419.000000
   662.220000  3354.000000
   664.350000  3267.000000
   666.480000  3129.000000
   668.610000  2999.000000
   670.730000  3032.000000
   672.860000  3037.000000
   674.980000  3050.000000
   677.110000  3026.000000
   679.230000  2962.000000
   681.360000  2856.000000
   683.480000  2622.000000
   685.600000  2480.000000
   687.730000  2481.000000
   689.850000  2488.000000
   691.970000  2454.000000
   694.090000  2448.000000
   696.210000  2449.000000
   698.330000  2386.000000
   700.450000  2367.000000
   702.570000  2414.000000
   704.690000  2389.000000
   706.810000  2370.000000
   708.930000  2338.000000
   711.040000  2233.000000
   713.160000  2069.000000
   715.280000  1816.000000
   717.390000  1626.000000
   719.510000  1709.000000
   721.620000  1686.000000
   723.740000  1596.000000
   725.850000  1572.000000
   727.970000  1628.000000
   730.080000  1706.000000
   732.190000  1772.000000
   734.300000  1728.000000
   736.420000  1690.000000
   738.530000  1672.000000
   740.640000  1666.000000
   742.750000  1652.000000
   744.860000  1629.000000
   746.970000  1564.000000
   749.080000  1525.000000
   751.190000  1513.000000
   753.300000  1436.000000
   755.410000  1204.000000
   757.510000   894.000000
   759.620000   649.000000
   761.730000   763.000000
   763.840000   944.000000
   765.940000  1112.000000
   768.050000  1181.000000
   770.150000  1159.000000
   772.260000  1138.000000
   774.360000  1098.000000
   776.470000  1087.000000
   778.570000  1066.000000
   780.670000  1061.000000
   782.780000  1032.000000
   784.880000  1011.000000
   786.980000   946.000000
   789.080000   918.000000
   791.180000   890.000000
   793.290000   863.000000
   795.390000   844.000000
   797.490000   827.000000
   799.590000   793.000000
   801.690000   772.000000
   803.780000   743.000000
   805.880000   711.000000
   807.980000   652.000000
   810.080000   590.000000
   812.180000   526.000000
   814.270000   494.000000
   816.370000   479.000000
   818.470000   476.000000
   820.560000   487.000000
   822.660000   464.000000
   824.750000   486.000000
   826.840000   467.000000
   828.940000   461.000000
   831.030000   443.000000
   833.120000   447.000000
   835.220000   452.000000
   837.310000   451.000000
   839.400000   439.000000
   841.490000   441.000000
   843.580000   433.000000
   845.670000   398.000000
   847.760000   402.000000
   849.850000   375.000000
   851.940000   366.000000
   854.030000   350.000000
   856.120000   365.000000
   858.200000   352.000000
   860.290000   338.000000
   862.380000   299.000000
   864.460000   288.000000
   866.550000   289.000000
   868.630000   292.000000
   870.710000   280.000000
   872.800000   254.000000
   874.880000   238.000000
   876.960000   239.000000
   879.050000   233.000000
   881.130000   218.000000
   883.210000   201.000000
   885.290000   207.000000
   887.370000   193.000000
   889.450000   185.000000
   891.520000   167.000000
   893.600000   135.000000
   895.680000   121.000000
   897.760000   104.000000
   899.830000   118.000000
   901.910000   116.000000
   903.980000   111.000000
   906.060000    87.000000
   908.130000    81.000000
   910.200000    76.000000
   912.270000    67.000000
   914.350000    62.000000
   916.420000    70.000000
   918.490000    84.000000
   920.560000    66.000000
   922.620000    65.000000
   924.690000    50.000000
   926.760000    38.000000
   928.830000    19.000000
   930.890000    17.000000
   932.960000    13.000000
   935.020000    12.000000
   937.080000    17.000000
   939.150000    18.000000
   941.210000    10.000000
   943.270000    15.000000
   945.330000     4.000000
   947.390000    13.000000
   949.450000     9.000000
   951.500000    14.000000
   953.560000    12.000000
   955.620000    10.000000
   957.670000    12.000000
   959.730000     6.000000
   961.780000    12.000000
   963.830000    11.000000
   965.880000    15.000000
   967.930000    19.000000
   969.980000    12.000000
   972.030000    11.000000
   974.080000    12.000000
   976.130000    12.000000
   978.170000    10.000000
   980.220000     9.000000
   982.260000     7.000000
   984.300000     8.000000
   986.350000     8.000000
   988.390000     8.000000
   990.430000     7.000000
   992.460000     9.000000
   994.500000     6.000000
   996.540000     5.000000
   998.570000     7.000000
  1000.600000     7.000000
  1002.600000     4.000000
  1004.700000    10.000000
  1006.700000     5.000000
  1008.700000     6.000000
  1010.800000     1.000000
  1012.800000     1.000000
  1014.800000     1.000000
  1016.800000     4.000000
  1018.900000     2.000000
  1020.900000     7.000000
  1022.900000     1.000000
  1024.900000     3.000000
  1026.900000     3.000000
  1029.000000     4.000000
